74 -98 22
-65 -33 22
70 -30 22
45 -21 22
0 -42 22
30 -11 22
29 -95 22
6 23 22
69 -57 22
-88 78 22
-52 35 22
27 38 22
79 -69 22
-90 -92 22
25 -88 22
-29 -67 22
96 -43 22
41 75 22
-20 40 22
-22 22 22
-8 40 22
-3 62 22
1 -6 22
100 53 22
-34 -5 22
-23 47 22
-63 13 22
56 -23 22
-20 -26 22
79 -34 22
-26 99 22
-6 6 22
31 -56 22
53 -70 22
92 -93 22
70 -44 22
-68 78 22
94 96 22
-6 84 22
3 -47 22
-40 40 22
-39 -11 22
7 55 22
3 -32 22
-70 -76 22
80 -69 22
8 -39 22
-94 40 22
31 62 22
20 96 22
34 90 22
-43 -25 22
-48 -15 22
-6 12 22
36 83 22
91 57 22
4 25 22
20 73 22
12 96 22
40 81 22
-14 -13 22
-37 -10 22
16 -26 22
25 42 22
58 6 22
78 17 22
41 -55 22
87 -79 22
57 -58 22
-46 -78 22
-41 -44 22
-64 13 22
-37 94 22
5 10 22
26 23 22
-63 -47 22
19 -72 22
3 74 22
7 26 22
-41 98 22
-38 75 22
20 95 22
-42 -45 22
-96 11 22
46 -94 22
-49 -35 22
-56 -26 22
-87 14 22
-12 -71 22
-75 67 22
-45 -48 22
76 -41 22
-48 -32 22
53 -37 22
98 -9 22
74 -61 22
29 -28 22
-1 -35 22
-57 -41 22
-37 -67 22
63 -29 22
-35 -32 22
-20 -40 22
-15 -38 22
-65 -93 22
27 91 22
-60 -52 22
-28 30 22
-84 90 22
-56 81 22
-59 61 22
-29 -78 22
-10 -35 22
-7 -34 22
85 -100 22
11 -8 22
82 -78 22
-12 79 22
15 -88 22
81 -28 22
71 100 22
35 -45 22
44 -75 22
-48 95 22
-19 56 22
38 -73 22
-77 -59 22
-48 16 22
92 58 22
-5 -71 22
-22 11 22
92 75 22
-37 31 22
10 93 22
-1 -64 22
55 -72 22
-44 -30 22
-27 96 22
31 17 22
-53 -95 22
-25 -46 22
9 -57 22
25 12 22
98 22 22
-31 -37 22
88 -21 22
98 -99 22
-94 48 22
77 -52 22
84 -58 22
69 -93 22
-56 -49 22
58 97 22
73 0 22
54 -80 22
-1 50 22
-77 71 22
62 11 22
76 -19 22
37 58 22
1 -95 22
43 0 22
61 -88 22
34 -60 22
-21 97 22
-97 -41 22
90 -96 22
44 16 22
5 73 22
-53 61 22
-26 17 22
-23 -58 22
68 74 22
-53 65 22
-76 0 22
12 75 22
-31 -46 22
83 -87 22
-32 -54 22
-33 42 22
26 -49 22
42 50 22
63 -32 22
-45 96 22
57 85 22
63 -27 22
-18 87 22
-1 -25 22
-9 -18 22
21 -60 22
61 68 22
68 60 22
-21 19 22
-54 -58 22
-84 -18 22
93 45 22
-34 -58 22
-42 58 22
-95 94 22
69 72 22
-98 -65 22
94 -5 22
-50 -9 22
10 75 22
-4 -83 22
-41 15 22
-18 -97 22
-17 -68 22
45 -88 22
74 -44 22
46 -21 22
64 -12 22
29 -9 22
67 83 22
40 -100 22
-1 -7 22
32 -67 22
-5 91 22
-84 92 22
-36 -94 22
-61 42 22
44 31 22
62 10 22
69 -94 22
99 12 22
36 4 22
81 -85 22
-84 -69 22
-22 -19 22
34 72 22
-91 24 22
41 -84 22
-94 -73 22
82 76 22
-65 -12 22
-12 -37 22
33 14 22
-9 -67 22
3 -22 22
57 -13 22
-41 -36 22
91 -60 22
57 96 22
94 -53 22
-70 58 22
-91 -44 22
40 -39 22
-24 -82 22
-19 -78 22
-5 -17 22
90 78 22
80 51 22
57 -58 22
-93 -15 22
-62 -33 22
-79 -77 22
84 -80 22
3 -24 22
71 69 22
81 92 22
8 -53 22
64 -29 22
-7 -92 22
32 13 22
1 13 22
93 -3 22
-36 39 22
97 11 22
-83 12 22
-17 24 22
8 20 22
91 -42 22
-68 37 22
-98 -32 22
77 -53 22
-74 35 22
36 42 22
31 78 22
-90 69 22
-96 55 22
4 79 22
55 -17 22
-89 -12 22
-75 -58 22
68 -89 22
17 -65 22
-35 -67 22
-96 -74 22
-43 52 22
92 -29 22
-89 -61 22
69 -32 22
25 -89 22
-18 -52 22
-13 12 22
41 -41 22
-41 20 22
-17 61 22
25 -87 22
-71 70 22
-32 92 22
5 -58 22
81 -31 22
-92 -52 22
-9 -12 22
70 -77 22
-41 35 22
44 -93 22
-52 -70 22
-94 19 22
-76 -36 22
-96 -15 22
-47 13 22
-67 40 22
82 69 22
-25 -32 22
8 -25 22
-53 -66 22
-66 -90 22
75 64 22
-1 -100 22
46 -4 22
82 -29 22
16 -11 22
23 44 22
-30 35 22
85 24 22
0 -84 22
-65 7 22
-8 -85 22
87 -60 22
-57 97 22
-42 19 22
82 48 22
91 76 22
43 58 22
37 -17 22
22 44 22
-68 -40 22
78 0 22
94 -53 22
29 36 22
-93 28 22
-21 15 22
-9 -78 22
17 19 22
-73 -91 22
37 -47 22
-99 -63 22
100 -36 22
9 72 22
4 -46 22
57 66 22
20 -9 22
-8 -61 22
28 1 22
-35 10 22
-34 -4 22
61 85 22
-40 -38 22
21 -40 22
-45 -89 22
-54 19 22
53 -23 22
29 -22 22
86 -19 22
63 -71 22
-72 47 22
49 42 22
-67 -5 22
-43 -72 22
84 32 22
-75 27 22
-75 -37 22
-11 -90 22
-80 44 22
89 -18 22
-12 -36 22
-88 -45 22
55 79 22
87 75 22
8 -51 22
-76 -50 22
84 -35 22
-83 17 22
99 -100 22
58 -50 22
-4 -20 22
-46 65 22
-25 15 22
8 -73 22
92 -74 22
61 -23 22
-2 84 22
-55 67 22
83 49 22
80 99 22
38 62 22
-74 44 22
-63 -8 22
32 -46 22
-79 -45 22
0 -27 22
-95 -63 22
-74 -29 22
39 14 22
42 48 22
98 2 22
-96 28 22
40 -92 22
58 -5 22
-38 -48 22
3 -12 22
-11 -38 22
26 70 22
98 69 22
-63 -3 22
40 98 22
-38 29 22
48 91 22
89 -33 22
7 -51 22
-5 -7 22
50 88 22
10 -12 22
93 0 22
-1 -51 22
42 -8 22
-76 16 22
-77 100 22
20 7 22
-94 -70 22
75 -11 22
24 61 22
31 -47 22
49 -96 22
-20 52 22
77 -92 22
-79 -58 22
20 35 22
-31 19 22
17 -57 22
9 -84 22
17 95 22
54 74 22
68 32 22
-93 -32 22
19 -43 22
-50 12 22
27 -87 22
40 -80 22
90 46 22
-23 -87 22
-56 77 22
58 -31 22
23 -84 22
91 -61 22
-16 94 22
39 48 22
20 35 22
-47 59 22
-56 -54 22
33 19 22
-9 81 22
22 -30 22
100 77 22
-86 -42 22
1 39 22
-19 61 22
14 55 22
34 61 22
-48 -63 22
76 97 22
-86 -51 22
-20 -68 22
61 -73 22
-85 21 22
39 38 22
-39 48 22
-59 -45 22
-76 -28 22
1 95 22
-64 59 22
-95 34 22
17 -43 22
-68 62 22
17 23 22
15 -90 22
46 -84 22
56 49 22
24 68 22
-53 -49 22
-19 -46 22
66 -50 22
-57 87 22
-93 -27 22
-90 64 22
-29 85 22
-62 45 22
27 100 22
92 56 22
77 84 22
30 39 22
91 11 22
67 65 22
-98 8 22
-42 76 22
47 -34 22
-45 -81 22
18 7 22
80 96 22
-32 -65 22
-78 52 22
-99 44 22
-50 -75 22
-70 28 22
9 42 22
66 29 22
82 57 22
-64 13 22
-24 49 22
99 17 22
74 -16 22
-80 -53 22
-52 65 22
74 48 22
-1 -23 22
-54 -4 22
-28 80 22
-96 -50 22
-92 61 22
2 -8 22
23 91 22
-51 -57 22
-86 -26 22
-38 -8 22
-100 -10 22
33 11 22
-96 -22 22
0 71 22
-16 13 22
63 -100 22
-31 -9 22
23 -52 22
45 -38 22
-93 -14 22
-48 70 22
33 61 22
-54 94 22
-93 -7 22
67 61 22
47 -11 22
-97 44 22
60 -83 22
51 -67 22
80 -61 22
-3 43 22
-37 73 22
-73 -13 22
-26 -87 22
93 58 22
34 -23 22
-83 -43 22
-97 -98 22
-79 -81 22
3 55 22
-18 -94 22
-13 57 22
-41 -68 22
-72 35 22
54 99 22
-1 79 22
29 48 22
8 -57 22
-53 -64 22
23 -15 22
65 -54 22
-51 17 22
90 -88 22
11 89 22
72 88 22
-24 -27 22
-99 98 22
-17 82 22
-35 7 22
-5 40 22
-32 -71 22
88 41 22
21 21 22
53 16 22
-87 51 22
-19 46 22
79 52 22
42 96 22
74 -9 22
7 74 22
-82 -21 22
0 44 22
72 -95 22
-54 52 22
-40 90 22
24 69 22
10 85 22
-22 -16 22
-41 -4 22
-20 -4 22
-100 63 22
16 6 22
71 27 22
-59 -55 22
-81 -8 22
-58 67 22
-30 32 22
62 60 22
-90 -54 22
-48 -16 22
-36 -57 22
16 -40 22
92 98 22
-78 -66 22
8 -19 22
43 13 22
-86 -99 22
68 -51 22
-20 15 22
76 33 22
-20 76 22
-13 -70 22
-40 -56 22
17 18 22
-10 -81 22
-10 -44 22
-48 -9 22
-88 -46 22
-17 91 22
78 75 22
75 -35 22
-78 -57 22
55 40 22
91 10 22
76 -57 22
-70 64 22
82 40 22
-75 -22 22
-27 -69 22
-11 -18 22
-78 -21 22
97 -54 22
85 90 22
-49 -50 22
20 33 22
21 81 22
-28 -70 22
-32 -56 22
16 82 22
73 29 22
-83 -43 22
-22 36 22
99 61 22
97 -78 22
-10 29 22
-61 -47 22
-86 -26 22
49 -84 22
43 -45 22
-30 -41 22
-38 25 22
-50 14 22
-14 43 22
-29 65 22
-40 -43 22
93 -98 22
-52 85 22
-51 83 22
-63 13 22
76 80 22
54 34 22
56 -1 22
19 48 22
15 -67 22
97 15 22
75 -79 22
49 94 22
-60 -35 22
39 -61 22
94 -95 22
24 92 22
79 -77 22
38 -36 22
87 -88 22
-48 -34 22
-81 -19 22
-59 76 22
39 55 22
31 95 22
33 -31 22
-33 55 22
-11 -17 22
-82 -43 22
-27 49 22
29 95 22
83 95 22
80 -86 22
55 43 22
49 2 22
67 -1 22
-47 -29 22
-20 -27 22
28 100 22
24 -94 22
68 -3 22
-30 51 22
74 -78 22
-60 26 22
-40 11 22
-87 29 22
-97 10 22
47 -96 22
-34 -68 22
-36 -8 22
-85 -18 22
44 27 22
29 78 22
-28 17 22
-57 72 22
-20 -53 22
-85 -26 22
3 -42 22
-37 -64 22
-57 83 22
-83 -17 22
-10 27 22
44 -52 22
14 -8 22
-28 3 22
-25 24 22
79 45 22
-27 96 22
96 -32 22
14 -86 22
-86 -46 22
-67 -37 22
-39 55 22
-78 8 22
92 92 22
71 -68 22
-51 19 22
77 16 22
14 -85 22
-59 -37 22
-91 -18 22
-75 12 22
-55 -64 22
29 -56 22
-44 -45 22
-23 40 22
-97 17 22
-97 -93 22
-73 -94 22
-26 62 22
-86 -100 22
-89 4 22
-70 23 22
94 -43 22
-60 -63 22
-90 -28 22
-85 60 22
-88 24 22
-64 -18 22
6 -89 22
-71 -7 22
75 -36 22
-69 -55 22
-99 4 22
-95 -56 22
25 31 22
34 -19 22
62 60 22
-88 -31 22
-6 10 22
95 59 22
44 -82 22
100 6 22
-69 -96 22
-3 -74 22
71 25 22
48 -14 22
-34 -75 22
-55 -10 22
-65 99 22
60 87 22
41 -81 22
29 -65 22
-30 2 22
-68 -43 22
-62 58 22
-86 -24 22
3 -39 22
-12 -77 22
65 6 22
-49 1 22
-90 98 22
-13 -18 22
60 18 22
17 22 22
-16 59 22
20 50 22
92 24 22
55 15 22
-12 -8 22
95 -19 22
-87 -17 22
-2 9 22
29 87 22
-60 85 22
22 81 22
85 55 22
-58 -32 22
-47 -55 22
25 -90 22
-50 -89 22
46 -75 22
-7 31 22
36 76 22
95 -56 22
-62 -1 22
91 -34 22
-14 -80 22
-69 55 22
60 100 22
-84 -36 22
40 -72 22
-94 -62 22
-78 -96 22
26 -67 22
32 33 22
-33 49 22
70 -36 22
-62 -8 22
57 -5 22
-58 24 22
58 -50 22
-45 26 22
-69 -56 22
74 -78 22
-61 -8 22
100 -60 22
-69 -42 22
-45 41 22
-14 0 22
4 82 22
-26 -78 22
-61 -75 22
-5 -36 22
-43 -37 22
92 44 22
37 -79 22
96 -7 22
-68 12 22
-85 60 22
68 95 22
65 -17 22
4 -29 22
-51 61 22
26 -25 22
66 -79 22
-80 -33 22
-66 9 22
-82 11 22
-10 26 22
-55 -65 22
15 45 22
13 -93 22
-89 60 22
91 50 22
-43 74 22
-70 38 22
-43 -65 22
-2 93 22
100 -48 22
47 -80 22
-98 -53 22
19 -33 22
45 -61 22
63 5 22
64 21 22
49 -96 22
-23 86 22
-25 2 22
-43 -12 22
-21 13 22
-55 99 22
34 -61 22
-93 9 22
98 -74 22
77 -38 22
-55 -94 22
59 7 22
35 -89 22
18 -68 22
19 9 22
39 16 22
77 -94 22
83 -74 22
76 28 22
-87 -69 22
93 63 22
87 54 22
-71 -39 22
23 10 22
-35 97 22
81 -59 22
-74 -42 22
84 -41 22
-66 93 22
-35 21 22
59 80 22
-75 -26 22
29 -56 22
-32 -80 22
51 -50 22
45 1 22
0 -1 22
-36 -16 22
74 -7 22
-6 81 22
-38 13 22
83 -70 22
67 -53 22
16 -74 22
2 -76 22
28 -76 22
22 8 22
69 -78 22
-11 16 22
15 54 22
29 8 22
33 -97 22
-64 -20 22
72 21 22
64 12 22
-9 14 22
-41 -92 22
-13 -28 22
2 -33 22
-80 -84 22
-17 -40 22
-66 -36 22
-80 6 22
-27 95 22
59 -35 22
100 -91 22
-87 -48 22
-68 86 22
62 -1 22
-26 32 22
40 78 22
-53 -2 22
-22 -1 22
86 -12 22
60 -63 22
-76 68 22
-47 88 22
75 9 22
-70 94 22
63 20 22
66 -32 22
75 -44 22
-70 -49 22
28 76 22
66 87 22
0 83 22
18 84 22
-99 58 22
87 63 22
45 -81 22
34 87 22
27 99 22
63 45 22
-63 -9 22
2 6 22
56 -28 22
-44 -82 22
8 -39 22
25 2 22
-68 -67 22
86 20 22
-22 7 22
98 51 22
-35 97 22
37 77 22
-73 39 22
-95 5 22
40 60 22
-66 13 22
26 29 22
-60 4 22
-34 13 22
-81 99 22
-14 34 22
2 -8 55
-1 -7 55
2 6 55
1 -6 55
0 -1 55
0 0 100